Group1         Group2         
191            158            
176            189            
185            149            
198            158            
191            157            
194            159            
168            171            
185            155            
177            161            
165            160            
96             164            
189            158            
194            168            
140            163            
162            165            
193            157            
121            163            
186            156            
138            151            
153            152            
178            177            
175            170            
109            172            
167            173            
145            181            
123            156            
143            181            
130            182            
174            185            
127            182            
140            143            
141            170            
159            167            
140            191            
157            178            
206            125            
177            155            
151            175            
153            190            
167            192            
96             181            
159            180            
152            182            
153            178            
86             132            
90             162            
127            128            
118            157            
149            138            
174            169            
153            180            
166            186            
123            188            
138            172            
123            183            
140            159            
130            184            
168            177            
154            184            
154            167            
142            184            
127            171            
152            165            
186            154            
176            161            
163            158            
142            140            
152            143            
183            158            
179            164            
155            155            
176            155            
156            187            
149            169            
118            145            
140            168            
142            161            
138            163            
140            168            
168            129            
142            153            
150            168            
161            164            
120            160            
182            162            
150            190            
96             153            
145            141            
67             171            
137            148            
137            200            
160            135            
139            162            
81             189            
141            181            
177            143            
164            144            
149            164            
74             164            
160            182            
136            185            
161            185            
150            173            
142            167            
132            173            
168            166            
188            172            
198            186            
188            156            
183            166            
164            162            
175            156            
185            167            
191            136            
179            155            
161            181            
177            167            
149            148            
157            169            
159            197            
159            177            
163            182            
153            181            
136            188            
150            175            
173            189            
166            187            
190            190            
187            162            
125            186            
177            189            
175            168            
-              152            
-              171            
-              143            
-              151            
-              145            
-              -              