Group1         Group2         
8              0              
0              3              
7              0              
2              7              
6              6              
8              6              
0              5              
9              6              
0              7              
0              6              
1              5              
6              5              
8              3              
16             6              
2              3              
8              3              
0              0              
5              7              
2              5              
6              6              
0              3              
5              3              
15             0              
15             5              
0              9              
11             6              
0              9              
12             9              
11             9              
11             9              
6              2              
8              7              
9              6              
0              8              
0              9              
3              0              
7              7              
18             0              
15             6              
12             6              
9              6              
19             2              
15             9              
6              12             
0              4              
0              5              
0              2              
0              0              
3              2              
13             6              
6              3              
9              3              
0              0              
0              2              
0              3              
0              0              
0              0              
0              0              
3              9              
0              11             
0              9              
0              0              
0              8              
0              10             
1              3              
3              0              
0              5              
0              0              
0              3              
0              0              
0              5              
0              4              
2              6              
1              3              
0              4              
0              0              
0              0              
1              0              
3              0              
0              3              
1              0              
0              0              
0              0              
4              0              
0              0              
0              9              
3              0              
0              0              
0              0              
0              0              
1              0              
0              0              
0              0              
0              0              
0              0              
0              0              
0              0              
0              0              
0              0              
0              3              
1              3              
0              5              
0              4              
2              3              
0              2              
0              0              
0              2              
1              4              
1              5              
1              4              
1              1              
3              1              
1              3              
1              3              
2              3              
0              2              
2              3              
2              4              
0              1              
0              7              
0              4              
0              2              
0              2              
0              2              
0              2              
6              4              
6              2              
5              2              
3              1              
0              3              
0              3              
0              3              
-              0              
-              2              
-              0              
-              1              
-              0              
-              -              