Group1         Group2         
2              0              
0              0              
0              0              
2              0              
0              0              
0              0              
3              0              
0              0              
2              0              
2              0              
0              0              
0              0              
0              0              
3              0              
0              0              
0              0              
0              3              
0              0              
1              0              
1              5              
3              0              
0              0              
0              0              
6              0              
0              0              
0              0              
0              0              
0              0              
0              0              
0              0              
0              5              
0              0              
0              0              
0              0              
0              0              
0              0              
0              0              
0              0              
6              0              
0              0              
0              0              
0              0              
0              0              
0              0              
0              0              
0              0              
0              0              
1              10             
11             0              
12             0              
0              0              
0              0              
0              0              
0              0              
0              0              
0              0              
0              0              
0              0              
0              0              
0              0              
0              0              
0              0              
0              0              
0              0              
0              0              
0              0              
2              0              
0              0              
0              0              
0              0              
0              0              
0              0              
0              0              
0              0              
0              0              
0              0              
0              0              
0              0              
0              1              
0              0              
0              0              
0              0              
0              0              
0              0              
0              0              
0              0              
0              0              
0              0              
0              0              
0              0              
0              0              
0              0              
0              0              
0              0              
0              0              
0              0              
0              0              
0              0              
0              0              
0              0              
0              0              
0              0              
0              0              
0              5              
0              4              
0              3              
0              5              
0              6              
0              0              
0              4              
0              0              
0              0              
0              3              
0              8              
0              2              
0              2              
0              2              
2              2              
3              0              
4              8              
0              0              
0              4              
0              7              
0              7              
0              6              
0              10             
3              6              
15             10             
15             6              
15             9              
0              7              
0              5              
-              6              
-              2              
-              7              
-              0              
-              0              
-              -              