Group1         Group2         
0              6              
4              13             
17             7              
0              9              
17             11             
17             10             
7              10             
19             9              
9              12             
7              8              
0              12             
0              11             
0              10             
3              12             
7              11             
15             12             
8              4              
18             11             
0              13             
0              3              
7              13             
11             15             
5              13             
1              16             
0              14             
17             12             
0              15             
17             14             
0              15             
18             13             
18             7              
0              14             
10             15             
0              15             
0              15             
0              18             
13             11             
0              11             
6              12             
18             15             
21             3              
0              8              
0              19             
0              13             
0              7              
0              17             
0              14             
0              7              
0              12             
0              19             
0              10             
17             9              
1              8              
1              5              
2              4              
0              15             
0              16             
0              14             
0              19             
0              16             
0              19             
0              17             
0              14             
3              16             
3              18             
3              14             
0              4              
4              16             
0              16             
0              12             
0              18             
0              15             
0              15             
0              13             
0              12             
0              1              
0              1              
0              1              
0              0              
0              0              
0              0              
0              1              
0              0              
0              0              
0              1              
0              0              
0              1              
0              0              
0              1              
0              0              
0              0              
0              1              
0              0              
0              5              
1              3              
0              0              
0              2              
0              0              
0              0              
0              0              
0              0              
0              0              
0              0              
0              6              
0              5              
0              6              
0              0              
0              0              
0              0              
0              0              
0              0              
0              0              
0              0              
0              0              
0              0              
0              0              
0              0              
0              0              
0              0              
0              0              
0              0              
0              0              
0              0              
0              0              
3              0              
0              0              
0              0              
0              0              
0              0              
0              0              
0              0              
0              0              
-              0              
-              0              
-              0              
-              6              
-              0              
-              -              