Group1         Group2         
0              0              
0              2              
0              0              
0              0              
0              0              
0              0              
0              0              
0              0              
0              0              
0              0              
0              0              
0              0              
0              0              
2              0              
0              1              
0              0              
0              0              
0              0              
0              0              
0              0              
0              1              
3              0              
0              0              
0              0              
0              0              
0              0              
0              0              
0              0              
0              0              
0              0              
0              0              
0              0              
0              0              
0              0              
0              0              
0              0              
0              0              
0              0              
0              0              
0              0              
0              0              
0              0              
0              0              
0              0              
0              0              
0              0              
0              2              
0              0              
0              0              
0              0              
0              0              
3              0              
0              0              
0              5              
0              3              
0              0              
0              2              
0              1              
0              0              
0              0              
0              0              
0              0              
0              0              
0              0              
0              0              
0              0              
0              2              
0              0              
0              0              
0              0              
0              0              
0              0              
0              0              
0              0              
0              0              
0              2              
0              2              
0              0              
0              4              
0              0              
0              0              
0              0              
0              0              
0              0              
0              3              
0              0              
0              1              
0              3              
0              1              
0              3              
0              1              
0              3              
0              2              
0              2              
0              0              
0              0              
0              0              
0              0              
0              0              
0              0              
0              0              
0              0              
0              0              
0              4              
3              5              
0              6              
0              4              
0              4              
0              4              
0              3              
0              3              
0              3              
0              1              
0              4              
0              3              
0              1              
0              4              
0              6              
0              0              
0              19             
0              0              
0              14             
0              15             
0              13             
0              17             
0              15             
0              14             
5              15             
5              17             
0              18             
0              20             
0              17             
-              19             
-              10             
-              20             
-              0              
-              0              
-              -              