Group1         Group2         
8              0              
0              8              
10             0              
2              12             
9              8              
8              10             
0              10             
12             9              
0              14             
0              9              
1              9              
6              7              
8              6              
16             7              
2              3              
11             5              
0              0              
7              9              
2              8              
6              10             
0              13             
8              10             
15             0              
15             5              
0              9              
16             9              
0              9              
15             9              
11             9              
18             9              
9              11             
8              11             
9              6              
0              15             
0              9              
3              0              
7              11             
18             0              
15             6              
12             18             
9              13             
19             2              
15             9              
6              12             
0              4              
0              5              
0              7              
0              1              
3              2              
13             6              
6              9              
9              8              
0              0              
0              2              
0              3              
0              0              
0              0              
0              0              
3              9              
0              11             
0              9              
0              0              
0              10             
0              13             
1              3              
3              0              
0              9              
0              0              
0              3              
0              0              
0              5              
0              4              
2              6              
1              3              
0              6              
0              0              
0              0              
1              0              
3              0              
0              3              
1              0              
0              0              
0              0              
5              0              
0              0              
0              9              
3              0              
0              0              
0              0              
0              0              
1              0              
0              0              
0              0              
0              0              
0              0              
0              0              
0              0              
0              0              
0              0              
0              8              
1              9              
0              7              
0              10             
2              3              
0              2              
0              0              
0              2              
1              4              
1              7              
1              4              
1              1              
3              1              
1              3              
1              4              
2              5              
0              2              
2              3              
2              4              
0              1              
0              15             
0              9              
0              6              
0              5              
0              7              
0              5              
6              7              
6              4              
6              6              
3              5              
0              11             
0              6              
0              8              
-              0              
-              5              
-              5              
-              1              
-              0              
-              -              