Group1         Group2         
106            136            
77             133            
92             126            
93             132            
94             139            
104            118            
88             129            
91             131            
85             134            
94             122            
111            133            
92             122            
88             135            
89             135            
87             129            
91             124            
92             115            
102            133            
107            136            
98             124            
86             145            
92             148            
77             128            
72             124            
100            153            
86             138            
112            157            
98             151            
84             151            
90             158            
98             127            
102            136            
94             122            
103            166            
106            154            
106            122            
97             136            
72             127            
81             144            
105            169            
84             116            
90             127            
75             159            
90             146            
48             130            
51             101            
48             119            
56             109            
104            117            
112            125            
118            139            
70             146            
87             128            
80             106            
81             103            
82             131            
77             132            
100            131            
79             115            
91             110            
76             116            
78             131            
83             137            
75             135            
80             125            
81             116            
73             127            
75             117            
108            119            
70             117            
98             128            
81             131            
87             112            
95             156            
67             158            
101            66             
97             67             
84             71             
80             58             
94             42             
73             52             
88             58             
94             45             
72             57             
94             59             
89             63             
78             60             
101            69             
111            61             
91             60             
103            56             
104            61             
87             60             
109            61             
113            71             
106            72             
84             57             
89             74             
102            67             
98             97             
94             108            
107            110            
117            89             
92             103            
91             96             
88             98             
100            113            
102            117            
103            104            
94             112            
94             103            
78             96             
96             109            
92             104            
81             121            
92             105            
94             95             
91             101            
90             98             
98             102            
73             106            
82             101            
75             97             
95             108            
96             101            
88             104            
87             103            
102            106            
101            87             
96             101            
106            88             
111            93             
-              84             
-              94             
-              75             
-              123            
-              50             
-              -              